s 8,800,000 Marks 8,800,000 MarksGreat BritainPre-Dreadnoughts 913,986 980,895 977,996 915,302 ( ren
amed ) 954,825 953,817 912,162 986,482 936,864 952,195 967,651 979,889 964,352 965,604 955,312 921,3
16 913,545 895,814 920,806 938,578 891,417 1,097,245 1,122,636 1,063,616 1,056,816 1,103,453 1,159,8
53 1,088,897 1,078,395 1,098,159 1,098,159 1,104,051 1,146,669 1,185,744 1,472,075 1,420,040 1,408,0
53 renamed 1 December 1911 ) 957,520 , purchased from Chile ( amount not certain ) 956,596 , purchas
ed from Chile ( amount not certain ) 1,651,339 1,652,347 Dreadnoughts 1,785,683 1,763,491 1,744,287 
1,641,114 1,721,970 1,680,888 1,606,030 1,668,916 1,672,103 1,661,240 1,855,917 1,891,164 1,888,736 
1,892,823 1,961,096 1,950,671 1,918,813 1,889,387 1,945,824 2,043,437 ( 1913 ) 2,500,000 2,900,000 -
 Portsmouth Dockyard - 3,014,103 ( 1915 ) 2,945,709 2,537,037 2,524,148 2,470,113 2,500,000 ( 1915 )
 2,570,504 ( 1915 ) 2,406,368 ( 1915 ) 2,449,680 2,468,269 ( 1917 ) 3,295,810 Battlecruisers 1,767,5
