,439 ( 1914 ) 2,612,139 2,603,920 2,600,195 Armoured Cruisers 973,410 409,622 353,200 863,799 ( 1901
 ) 762,759 831,839 652,354 1,307,536 1,410,000 883,269 817,994 875,847 1,169,940 1,204,107 770,320 1
,169,640 881,270 902,809 1,229,932 1,301,380 Cruisers ( 1898 ) 606,656 ( 1896 ) 667,740 ( 1897 ) 611
,945 ( 1899 ) 475,979 Light Cruisers ( 1896 ) 318,712 ( 1894 ) 334,725 308,750 202,024GermanyPre-Dre
adnoughts 15,832,000 Marks 16,054,000 Marks 21,472,000 Marks 20,387,000 Marks 20,254,000 Marks 20,38
5,000 Marks 20,301,000 Marks 22,740,000 Marks 22,597,000 Marks 22,275,000 Marks 21,678,000 Marks 22,
329,000 Marks 23,893,000 Marks 23,983,000 Marks 23,867,000 Marks 23,990,000 Marks 23,801,000 Marks 2
4,481,000 Marks 24,624,000 Marks 24,253,000 Marks 24,920,000 Marks 24,972,000 Marks Dreadnoughts 37,
399,000 Marks 36,920,000 Marks 36,916,000 Marks 37,615,000 Marks 46,196,000 Marks 43,579,000 Marks 4
6,314,000 Marks 45,801,000 Marks 44,997,000 Marks 45,802,000 Marks 45,173,000 Marks 45,761,000 Marks
